# mbti이 별 점수 정리
# 이성적인 관계 : 3
# 끈끈한 관계 : 2
# 잠재적 관계 : 1
# 갈등관계 : 0
# 맞지 않는 관계 : -1

-1 0 1 1 0 -1 0 -1 0 1 1 3 2 2 1 3  #ENTJ
0 2 1 1 2 2 3 3 1 0 1 1 0 -1 0 -1   #ENTP
1 1 1 0 0 -1 1 -1 1 1 1 2 3 3 1 2   #INTJ
1 1 0 1 2 3 1 3 3 1 2 0 0 -1 0 -1   #INTP
0 2 0 2 1 0 1 1 1 1 2 0 1 1 0 3 1   #ESTJ
0 2 0 2 1 0 1 1 -1 0 -1 3 -1 1 1 2  #ESFJ
0 3 1 1 1 1 1 0 -1 3 -1 2 1 1 0 2   #ISTJ
-1 3 -1 3 1 1 0 0 0 3 0 1 1 1 2 -1  #ISFJ
0 1 1 3 -1 1 -1 0 2 0 1 1 2 2 3 1   #ENFJ
1 0 1 1 2 2 3 3 0 1 1 0 -1 -1 -1 1  #ENFP
1 1 1 2 -1 0 -1 0 1 1 1 -1 3 3 3 1  #INFJ
3 1 2 0 3 1 2 1 1 0 -1 1 -1 0 0 0   #INFP
2 0 3 0 -1 1 1 1 2 -1 3 -1 1 0 1 1  #ESTP
2 -1 3 -1 1 9 1 1 2 -1 3 0 0 0 1 1  #ESFP
1 0 1 0 1 3 0 2 3 -1 3 -1 1 1 0 0   #ISTP
3 -1 2 -1 3 1 2 -1 1 1 1 0 1 1 0 1  #ISFP


# 호랑이 INFJ
# 독수리 ISTP